case,arm,simulation_seed,paired_baseline_seed,controller_yaw_error_deg,sample_count,force_rmse_n,peak_force_n,contact_ratio_pct,tangent_rmse_mm,tangent_velocity_error_rms_m_s,orientation_rmse_deg,saturation_pct,worst_force_phase,worst_phase_force_rmse_n,worst_tangent_phase,worst_phase_tangent_rmse_mm,worst_orientation_phase,worst_phase_orientation_rmse_deg,force_recovery_status,force_recovered,force_recovery_time_s,tangent_recovery_status,tangent_recovered,tangent_recovery_time_s,tangential_update_ready_pct,coefficient_min,coefficient_max,max_requested_tangential_force_n,compensation_limit_observed,max_normal_operation_coefficient_rate_s,max_coefficient_reset_jump,max_normal_operation_force_slew_n_s,max_force_reset_jump_n,paired_force_rmse_increase_n,paired_orientation_rmse_increase_deg,paired_friction_force_rmse_increase_n,paired_friction_orientation_rmse_increase_deg,failed_gates,all_gates_pass
static_nominal,baseline,11,11,0.0,5250,0.11525211652977149,12.620729988248337,100.0,11.715392263612149,0.01596870114529809,0.32444385607655957,0.0,steady,0.11525211652977149,steady,11.715392263612149,steady,0.32444385607655957,not_applicable,,,not_applicable,,,0.0,0.0,0.0,0.0,False,0.0,0.0,0.0,0.0,0.0,0.0,0.0047841108879879135,-0.029810406704665338,,yes
static_nominal,integral,11,11,0.0,5250,0.12338791258932834,12.619214966154765,100.0,8.10797632155431,0.012864087706653204,0.42150404215539994,0.0,steady,0.12338791258932834,steady,8.10797632155431,steady,0.42150404215539994,not_applicable,,,not_applicable,,,0.0,0.45,0.45,5.2772756963338985,False,0.0,0.0,9.692766618714668,0.0,0.008135796059556846,0.09706018607884037,0.01291990694754476,0.06724977937417503,,yes
static_nominal,friction,11,11,0.0,5250,0.11046800564178358,12.620729988248337,100.0,1.705174222854305,0.002721998859302423,0.3542542627812249,0.0,steady,0.11046800564178358,steady,1.705174222854305,steady,0.3542542627812249,not_applicable,,,not_applicable,,,0.0,0.45,0.45,5.615892952936453,False,0.0,0.0,69.75438567289864,0.0,-0.0047841108879879135,0.029810406704665338,0.0,0.0,,yes
static_nominal,online,11,11,0.0,5250,0.11212204460088371,12.65924137253659,100.0,1.0620231601766827,0.00241161142571995,0.3635338925833311,0.0,steady,0.11212204460088371,steady,1.0620231601766827,steady,0.3635338925833311,not_applicable,,,not_applicable,,,99.65714285714286,0.45,0.5080362935644128,5.984360762996737,False,0.2566440827006522,0.0,20.00000000000043,0.0,-0.0031300719288877843,0.03909003650677151,0.0016540389591001292,0.00927962980210617,,yes
static_nominal,baseline,29,29,0.0,5250,0.10996301091194309,12.599041467799319,100.0,11.705739374078753,0.015966644518958,0.324667340718148,0.0,steady,0.10996301091194309,steady,11.705739374078753,steady,0.324667340718148,not_applicable,,,not_applicable,,,0.0,0.0,0.0,0.0,False,0.0,0.0,0.0,0.0,0.0,0.0,0.004735977904786595,-0.02982388235989386,,yes
static_nominal,integral,29,29,0.0,5250,0.11889465779661966,12.620883356673472,100.0,8.096124394850802,0.012876055194038383,0.4217069731430992,0.0,steady,0.11889465779661966,steady,8.096124394850802,steady,0.4217069731430992,not_applicable,,,not_applicable,,,0.0,0.45,0.45,5.268614032291215,False,0.0,0.0,9.80900063290379,0.0,0.00893164688467657,0.09703963242495117,0.013667624789463165,0.06721575006505731,,yes
static_nominal,friction,29,29,0.0,5250,0.1052270330071565,12.599041467801147,100.0,1.6911089825465193,0.00273874665017497,0.3544912230780419,0.0,steady,0.1052270330071565,steady,1.6911089825465193,steady,0.3544912230780419,not_applicable,,,not_applicable,,,0.0,0.45,0.45,5.621213330064391,False,0.0,0.0,68.4872964635239,0.0,-0.004735977904786595,0.02982388235989386,0.0,0.0,,yes
static_nominal,online,29,29,0.0,5250,0.10703474407338961,12.63410237735084,100.0,1.055169398211605,0.0024379360506181294,0.36378316803405053,0.0,steady,0.10703474407338961,steady,1.055169398211605,steady,0.36378316803405053,not_applicable,,,not_applicable,,,99.65714285714286,0.45,0.5073953938083452,5.984360762996737,False,0.2573207218383722,0.0,20.0000000000005,0.0,-0.0029282668385534755,0.03911582731590252,0.0018077110662331197,0.009291944956008658,,yes
static_low_friction,baseline,11,11,0.0,5250,0.11193447972816334,12.618860664435996,100.0,7.503573691169135,0.010282293758643925,0.43264147721256446,0.0,steady,0.11193447972816334,steady,7.503573691169135,steady,0.43264147721256446,not_applicable,,,not_applicable,,,0.0,0.0,0.0,0.0,False,0.0,0.0,0.0,0.0,0.0,0.0,0.011730472071279946,-0.035405278579013544,,yes
static_low_friction,integral,11,11,0.0,5250,0.11658407857064527,12.617102088183978,100.0,5.044188963164194,0.008260496344228156,0.49601658841421986,0.0,steady,0.11658407857064527,steady,5.044188963164194,steady,0.49601658841421986,not_applicable,,,not_applicable,,,0.0,0.45,0.45,3.231804505218248,False,0.0,0.0,7.040847913531269,0.0,0.004649598842481936,0.0633751112016554,0.016380070913761882,0.027969832622641855,,yes
static_low_friction,friction,11,11,0.0,5250,0.10020400765688339,12.706943384996894,100.0,3.8752664477222543,0.0050448784056052595,0.468046755791578,0.0,steady,0.10020400765688339,steady,3.8752664477222543,steady,0.468046755791578,not_applicable,,,not_applicable,,,0.0,0.45,0.45,5.62184799694115,False,0.0,0.0,69.7469401551688,0.0,-0.011730472071279946,0.035405278579013544,0.0,0.0,,yes
static_low_friction,online,11,11,0.0,5250,0.10208889334096878,12.645280359844685,100.0,1.1320457249447955,0.0024281440446469733,0.4541587133067125,0.0,steady,0.10208889334096878,steady,1.1320457249447955,steady,0.4541587133067125,not_applicable,,,not_applicable,,,99.63809523809523,0.3032655205511659,0.45,5.638098157037382,False,0.22199108295470338,0.0,20.000000000000362,0.0,-0.009845586387194558,0.021517236094148018,0.0018848856840853884,-0.013888042484865526,,yes
static_low_friction,baseline,29,29,0.0,5250,0.10697253185593084,12.597629267752529,100.0,7.499377563881965,0.010298740858550353,0.4328324208684761,0.0,steady,0.10697253185593084,steady,7.499377563881965,steady,0.4328324208684761,not_applicable,,,not_applicable,,,0.0,0.0,0.0,0.0,False,0.0,0.0,0.0,0.0,0.0,0.0,0.011616576449739971,-0.03536495389555072,,yes
static_low_friction,integral,29,29,0.0,5250,0.11215960430196127,12.595614790033567,100.0,5.037050984618232,0.008298542209799477,0.496183835396793,0.0,steady,0.11215960430196127,steady,5.037050984618232,steady,0.496183835396793,not_applicable,,,not_applicable,,,0.0,0.45,0.45,3.2218828568588753,False,0.0,0.0,6.948924208016705,0.0,0.005187072446030436,0.06335141452831689,0.016803648895770407,0.027986460632766164,,yes
static_low_friction,friction,29,29,0.0,5250,0.09535595540619086,12.674151551885851,100.0,3.8775976123874862,0.005052489996680365,0.46819737476402684,0.0,steady,0.09535595540619086,steady,3.8775976123874862,steady,0.46819737476402684,not_applicable,,,not_applicable,,,0.0,0.45,0.45,5.606882777205215,False,0.0,0.0,68.48135234918041,0.0,-0.011616576449739971,0.03536495389555072,0.0,0.0,,yes
static_low_friction,online,29,29,0.0,5250,0.0974372311908678,12.617073903096696,100.0,1.1282545240195412,0.0024196170445944564,0.454263396502179,0.0,steady,0.0974372311908678,steady,1.1282545240195412,steady,0.454263396502179,not_applicable,,,not_applicable,,,99.63809523809523,0.3028756366129424,0.45,5.654920349408501,False,0.21595250564307444,0.0,20.00000000000049,0.0,-0.009535300665063029,0.021430975633702887,0.002081275784676942,-0.013933978261847835,,yes
static_high_friction,baseline,11,11,0.0,5250,0.118258210506352,12.620729988248337,100.0,15.590050262703471,0.020987754031491224,0.285700465453699,0.0,steady,0.118258210506352,steady,15.590050262703471,steady,0.285700465453699,not_applicable,,,not_applicable,,,0.0,0.0,0.0,0.0,False,0.0,0.0,0.0,0.0,0.0,0.0,-0.0007473035532810646,-0.017312925281642355,,yes
static_high_friction,integral,11,11,0.0,5250,0.12720085981952406,12.66254482001022,100.0,10.052197834598214,0.01582877709715842,0.359369486762632,0.0,steady,0.12720085981952406,steady,10.052197834598214,steady,0.359369486762632,not_applicable,,,not_applicable,,,0.0,0.45,0.45,6.000000000000002,True,0.0,0.0,12.142060614478588,0.0,0.008942649313172055,0.07366902130893299,0.00819534575989099,0.056356096027290636,,yes
static_high_friction,friction,11,11,0.0,5250,0.11900551405963307,12.620729988248337,100.0,6.484078284705312,0.00904412719605032,0.30301339073534134,0.0,steady,0.11900551405963307,steady,6.484078284705312,steady,0.30301339073534134,not_applicable,,,not_applicable,,,0.0,0.45,0.45,5.618256788848847,False,0.0,0.0,69.75438567289912,0.0,0.0007473035532810646,0.017312925281642355,0.0,0.0,,yes
static_high_friction,online,11,11,0.0,5250,0.11945993406492281,12.620729988248337,100.0,5.363460222774136,0.007636633575442594,0.30750664763559016,0.0,steady,0.11945993406492281,steady,5.363460222774136,steady,0.30750664763559016,not_applicable,,,not_applicable,,,99.6952380952381,0.45,0.5099960139991322,5.984360762996737,False,0.30000000000002247,0.0,20.00000000000039,0.0,0.0012017235585708025,0.021806182181891176,0.0004544200052897379,0.004493256900248821,,yes
static_high_friction,baseline,29,29,0.0,5250,0.11281363256449169,12.599041467799841,100.0,15.576061445729918,0.020977128443969182,0.28561515133631044,0.0,steady,0.11281363256449169,steady,15.576061445729918,steady,0.28561515133631044,not_applicable,,,not_applicable,,,0.0,0.0,0.0,0.0,False,0.0,0.0,0.0,0.0,0.0,0.0,-0.00046265653006780094,-0.017375935615287275,,yes
static_high_friction,integral,29,29,0.0,5250,0.12254609111795255,12.656102273900007,100.0,10.045394078383787,0.015838357995430572,0.3596014180950098,0.0,steady,0.12254609111795255,steady,10.045394078383787,steady,0.3596014180950098,not_applicable,,,not_applicable,,,0.0,0.45,0.45,6.000000000000002,True,0.0,0.0,12.240942536806838,0.0,0.00973245855346086,0.07398626675869935,0.009269802023393059,0.056610331143412074,,yes
static_high_friction,friction,29,29,0.0,5250,0.11327628909455949,12.599041467799319,100.0,6.4655146889934665,0.00903706619506495,0.3029910869515977,0.0,steady,0.11327628909455949,steady,6.4655146889934665,steady,0.3029910869515977,not_applicable,,,not_applicable,,,0.0,0.45,0.45,5.616828188845868,False,0.0,0.0,68.48729646351977,0.0,0.00046265653006780094,0.017375935615287275,0.0,0.0,,yes
static_high_friction,online,29,29,0.0,5250,0.11402257822949877,12.599041467799319,100.0,5.343779684113037,0.007630694693171419,0.30748629989503456,0.0,steady,0.11402257822949877,steady,5.343779684113037,steady,0.30748629989503456,not_applicable,,,not_applicable,,,99.6952380952381,0.45,0.5087999999999998,5.984360762996737,False,0.30000000000002247,0.0,20.000000000000444,0.0,0.0012089456650070801,0.02187114855872413,0.0007462891349392792,0.004495212943436855,,yes
friction_step_up,baseline,11,11,0.0,5250,0.15321661285459975,12.618860664435996,100.0,12.755076187021789,0.017204487306136294,0.3657548723889275,0.0,post_step,0.1537352013165376,post_step,15.542826901674374,pre_step,0.462353946712296,recovered,True,0.0,not_recovered,False,,0.0,0.0,0.0,0.0,False,0.0,0.0,0.0,0.0,0.0,0.0,0.014753316005580996,-0.026632450554788745,,yes
friction_step_up,integral,11,11,0.0,5250,0.1569700260770347,12.617102088183978,100.0,8.140183912430206,0.01310852862622826,0.42909854746895676,0.0,pre_step,0.15718620505686362,post_step,9.79389038759563,pre_step,0.5302162721075029,recovered,True,0.0,not_recovered_with_limit_active,False,,0.0,0.45,0.45,6.000000000000002,True,0.0,0.0,10.041422575289417,0.0,0.0037534132224349426,0.06334367508002925,0.01850672922801594,0.036711224525240505,,yes
friction_step_up,friction,11,11,0.0,5250,0.13846329684901876,12.706943384996894,100.0,5.439378926820597,0.009221074729131917,0.39238732294371625,0.0,post_step,0.14463496518576746,post_step,6.38823938840725,pre_step,0.49774921265635325,recovered,True,0.0,not_recovered,False,,0.0,0.45,0.45,5.62184799694115,False,0.0,0.0,69.7469401551688,0.0,-0.014753316005580996,0.026632450554788745,0.0,0.0,,yes
friction_step_up,online,11,11,0.0,5250,0.1440348134562462,12.645280359844685,100.0,4.293100662535731,0.008293748759970198,0.3875959764223752,0.0,post_step,0.15059234123425305,post_step,5.551224527880217,pre_step,0.4854078405788599,recovered,True,0.0,not_recovered,False,,99.12380952380953,0.3038439695935701,0.5095682232563066,5.984360762996737,False,0.30000000000002247,0.0,20.000000000000362,0.0,-0.009181799398353563,0.02184110403344769,0.005571516607227434,-0.0047913465213410555,,yes
friction_step_up,baseline,29,29,0.0,5250,0.14957156362780555,12.597629267752529,100.0,12.74457441272313,0.017202243989570206,0.36582457127137485,0.0,post_step,0.15320547304195503,post_step,15.527961495625487,pre_step,0.46253073920149673,recovered,True,0.0,not_recovered,False,,0.0,0.0,0.0,0.0,False,0.0,0.0,0.0,0.0,0.0,0.0,0.014970107155274415,-0.02656639027291069,,yes
friction_step_up,integral,29,29,0.0,5250,0.1536677086473166,12.633873429656266,100.0,8.13248885415594,0.013135331833000339,0.4293075840733936,0.0,post_step,0.15618185392950318,post_step,9.784438516300305,pre_step,0.5303964723013478,recovered,True,0.0,not_recovered_with_limit_active,False,,0.0,0.45,0.45,6.000000000000002,True,0.0,0.0,10.04811248016016,0.0,0.004096145019511055,0.06348301280201873,0.01906625217478547,0.036916622529108045,,yes
friction_step_up,friction,29,29,0.0,5250,0.13460145647253113,12.674151551885851,100.0,5.425322745193619,0.00919643276198233,0.39239096154428554,0.0,post_step,0.1433164799799673,post_step,6.367722114783573,pre_step,0.4977882206410562,recovered,True,0.0,not_recovered,False,,0.0,0.45,0.45,5.606882777205215,False,0.0,0.0,68.48135234918041,0.0,-0.014970107155274415,0.02656639027291069,0.0,0.0,,yes
friction_step_up,online,29,29,0.0,5250,0.1399304885368607,12.617073903096696,100.0,4.255809027597623,0.008167916696416613,0.38734453388123397,0.0,post_step,0.1486008476157697,post_step,5.501181678142632,pre_step,0.4853891459516333,recovered,True,0.0,not_recovered,False,,99.63809523809523,0.3032777080401932,0.5085541287885649,5.984360762996737,False,0.30000000000002247,0.0,20.00000000000049,0.0,-0.009641075090944862,0.02151996260985911,0.005329032064329553,-0.005046427663051578,,yes
friction_step_down,baseline,11,11,0.0,5250,0.16617461555217075,14.475732473913023,100.0,11.69742719411634,0.01767538264235168,0.3711996897584819,0.0,post_step,0.1716666727424634,pre_step,15.539762727019674,post_step,0.41017614060483587,recovered,True,0.0,not_recovered,False,,0.0,0.0,0.0,0.0,False,0.0,0.0,0.0,0.0,0.0,0.0,0.0037020567744277533,-0.030093248909924486,,yes
friction_step_down,integral,11,11,0.0,5250,0.17032608604711985,14.497953884757125,100.0,7.92270393225715,0.015580578290553449,0.44465965969029553,0.0,post_step,0.17189889276015385,pre_step,10.181181445310733,post_step,0.47646089048620455,recovered,True,0.0,not_recovered_with_limit_active,False,,0.0,0.45,0.45,6.000000000000002,True,0.0,0.0,12.142060614478588,0.0,0.0041514704949491,0.07345996993181364,0.007853527269376853,0.043366721021889154,,yes
friction_step_down,friction,11,11,0.0,5250,0.162472558777743,14.37774908299421,100.0,5.230815710654212,0.009921287809321956,0.4012929386684064,0.0,post_step,0.16497730360511378,pre_step,6.558198493911401,post_step,0.44755912511425633,recovered,True,0.0,not_recovered,False,,0.0,0.45,0.45,5.965339274125384,False,0.0,0.0,69.75438567289912,0.0,-0.0037020567744277533,0.030093248909924486,0.0,0.0,,yes
friction_step_down,online,11,11,0.0,5250,0.1592804817302135,14.268757732198477,100.0,3.827062599961389,0.008708793972440454,0.3923683255327071,0.0,pre_step,0.16037137664915704,pre_step,5.497982921072556,post_step,0.43001056014795197,recovered,True,0.0,recovered,True,0.5380000000000003,99.6952380952381,0.30326904968051055,0.5081960139991321,5.984360762996737,False,0.30000000000002247,0.0,20.00000000000039,0.0,-0.006894133821957249,0.02116863577422523,-0.0031920770475294957,-0.008924613135699255,,yes
friction_step_down,baseline,29,29,0.0,5250,0.1623627304526357,14.462511809794375,100.0,11.687495862161681,0.017677261595706525,0.3712862018183623,0.0,post_step,0.17148535442883747,pre_step,15.525713320357333,post_step,0.4104004535686808,recovered,True,0.0,not_recovered,False,,0.0,0.0,0.0,0.0,False,0.0,0.0,0.0,0.0,0.0,0.0,0.003844782573703631,-0.03014647014059829,,yes
friction_step_down,integral,29,29,0.0,5250,0.16671275367200952,14.495512400142333,100.0,7.917620797044778,0.015592195028332726,0.44484614559343133,0.0,post_step,0.17101202708728,pre_step,10.176631919269978,post_step,0.4766106671611354,recovered,True,0.0,not_recovered_with_limit_active,False,,0.0,0.45,0.45,6.000000000000002,True,0.0,0.0,12.240942536806838,0.0,0.004350023219373833,0.07355994377506903,0.008194805793077464,0.043413473634470734,,yes
friction_step_down,friction,29,29,0.0,5250,0.15851794787893206,14.380337518751345,100.0,5.223822241917737,0.009940975376169493,0.4014326719589606,0.0,post_step,0.16457370201257948,pre_step,6.53880677758295,post_step,0.4478288481277216,recovered,True,0.0,not_recovered,False,,0.0,0.45,0.45,5.951486578253405,False,0.0,0.0,68.48729646351977,0.0,-0.003844782573703631,0.03014647014059829,0.0,0.0,,yes
friction_step_down,online,29,29,0.0,5250,0.15522220158266714,14.251045910426502,100.0,3.8149427790094896,0.0087106628577182,0.3924624942256137,0.0,post_step,0.15773904157599786,pre_step,5.477374195028472,post_step,0.43018694048773437,recovered,True,0.0,recovered,True,0.5440000000000005,99.6952380952381,0.3030925849735409,0.5087999999999998,5.984360762996737,False,0.30000000000002247,0.0,20.000000000000444,0.0,-0.007140528869968549,0.021176292407251385,-0.0032957462962649176,-0.008970177733346907,,yes
friction_ramp_up,baseline,11,11,0.0,5250,0.1144953313131967,12.618860664435996,100.0,12.6209985326206,0.016369629371651682,0.3464162613359152,0.0,pre_ramp,0.1948284330481832,post_ramp,15.641085815982937,pre_ramp,0.5129156447939904,recovered,True,0.0,not_recovered,False,,0.0,0.0,0.0,0.0,False,0.0,0.0,0.0,0.0,0.0,0.0,0.012104814460294072,-0.025612622639212435,,yes
friction_ramp_up,integral,11,11,0.0,5250,0.12041176933685895,12.617102088183978,100.0,8.12522234518649,0.01162907622729919,0.41648224606244166,0.0,pre_ramp,0.20109201096729665,post_ramp,10.092899942888844,pre_ramp,0.5794454423929033,recovered,True,0.0,not_recovered_with_limit_active,False,,0.0,0.45,0.45,6.000000000000002,True,0.0,0.0,9.175740916385502,0.0,0.005916438023662249,0.07006598472652648,0.01802125248395632,0.04445336208731404,,yes
friction_ramp_up,friction,11,11,0.0,5250,0.10239051685290262,12.706943384996894,100.0,4.820943588775772,0.006175229604990269,0.3720288839751276,0.0,pre_ramp,0.16163526229581748,post_ramp,6.443117446566391,pre_ramp,0.5403202915174029,recovered,True,0.0,not_recovered,False,,0.0,0.45,0.45,5.62184799694115,False,0.0,0.0,69.7469401551688,0.0,-0.012104814460294072,0.025612622639212435,0.0,0.0,,yes
friction_ramp_up,online,11,11,0.0,5250,0.10503408928467949,12.645280359844685,100.0,3.649296729828845,0.00504625729431358,0.37102801943522973,0.0,pre_ramp,0.16984567496251884,post_ramp,5.259125335169468,pre_ramp,0.5338908399891751,recovered,True,0.0,not_recovered,False,,99.63809523809523,0.31738634435264895,0.5096143126740685,5.984360762996737,False,0.30000000000002247,0.0,20.000000000000362,0.0,-0.009461242028517211,0.02461175809931454,0.002643572431776861,-0.0010008645398978944,,yes
friction_ramp_up,baseline,29,29,0.0,5250,0.10978532995002366,12.597629267752529,100.0,12.61118277523664,0.01636945008135983,0.34654547537448144,0.0,pre_ramp,0.18399352257333382,post_ramp,15.623823325687196,pre_ramp,0.5130455443827491,recovered,True,0.0,not_recovered,False,,0.0,0.0,0.0,0.0,False,0.0,0.0,0.0,0.0,0.0,0.0,0.012307853263564192,-0.02557483853929743,,yes
friction_ramp_up,integral,29,29,0.0,5250,0.11616830828429224,12.595614790033567,100.0,8.117556980094285,0.011652909260157883,0.4167080918028956,0.0,pre_ramp,0.1921542322254253,post_ramp,10.081570074454367,pre_ramp,0.5796567358799708,recovered,True,0.0,not_recovered_with_limit_active,False,,0.0,0.45,0.45,6.000000000000003,True,0.0,0.0,9.273713797665359,0.0,0.0063829783342685825,0.07016261642841415,0.018690831597832774,0.04458777788911672,,yes
friction_ramp_up,friction,29,29,0.0,5250,0.09747747668645947,12.674151551885851,100.0,4.808911290409148,0.006162096382111076,0.37212031391377887,0.0,pre_ramp,0.15230548872015937,post_ramp,6.420979793434792,pre_ramp,0.5403224102168355,recovered,True,0.0,not_recovered,False,,0.0,0.45,0.45,5.606882777205215,False,0.0,0.0,68.48135234918041,0.0,-0.012307853263564192,0.02557483853929743,0.0,0.0,,yes
friction_ramp_up,online,29,29,0.0,5250,0.10035243517277163,12.617073903096696,100.0,3.636409189991804,0.005027720117596661,0.371068593702579,0.0,pre_ramp,0.16070848766252532,post_ramp,5.236191129557067,pre_ramp,0.5337562520684332,recovered,True,0.0,not_recovered,False,,99.63809523809523,0.31660606136038844,0.5084714118374848,5.984360762996737,False,0.30000000000002247,0.0,20.00000000000049,0.0,-0.009432894777252024,0.02452311832809756,0.002874958486312168,-0.0010517202111998691,,yes
stop_hold_reverse,baseline,11,11,0.0,5250,0.1490971132579599,12.620729988248337,100.0,10.59686110277892,0.014884645334055766,0.39271771945005957,0.0,forward,0.18405042298810237,forward,11.801780095865698,reverse,0.47808025235344154,recovered,True,0.0,not_recovered,False,,0.0,0.0,0.0,0.0,False,0.0,0.0,0.0,0.0,0.0,0.0,0.003907143518719736,-0.0060301498545324295,,yes
stop_hold_reverse,integral,11,11,0.0,5250,0.16135477892110012,12.619214966154765,100.0,7.133607890186859,0.012532500327855009,0.4811542878187466,0.0,forward,0.19369471748361097,forward,8.148348516701637,reverse,0.5675449618470505,recovered,True,0.0,not_recovered,False,,0.0,0.45,0.45,5.711108577053994,False,0.0,0.0,9.692766618714668,0.0,0.01225766566314021,0.08843656836868702,0.016164809181859946,0.08240641851415459,,yes
stop_hold_reverse,friction,11,11,0.0,5250,0.14518996973924017,12.620729988248337,100.0,1.53011816988837,0.0028845065630877997,0.398747869304592,0.0,forward,0.17082740366835672,forward,1.911920923514814,reverse,0.46977887977750205,recovered,True,0.0,recovered,True,0.0,0.0,0.45,0.45,5.615892952936512,False,0.0,0.0,69.75438567289864,0.0,-0.003907143518719736,0.0060301498545324295,0.0,0.0,,yes
stop_hold_reverse,online,11,11,0.0,5250,0.1464794089838974,12.659241372536588,100.0,1.069854457482169,0.0026221577333729886,0.40697383754597155,0.0,forward,0.17440956421271447,forward,1.351559821203211,reverse,0.4732875429367571,recovered,True,0.0,recovered,True,0.0,80.2095238095238,0.45,0.5069229257101218,5.984360762996737,False,0.2566440827006522,0.0,20.00000000000043,0.0,-0.0026177042740624934,0.014256118095911985,0.0012894392446572422,0.008225968241379555,,yes
stop_hold_reverse,baseline,29,29,0.0,5250,0.1469790215142933,12.599041467799319,100.0,10.587105717939277,0.014884976762239878,0.3929822855089649,0.0,forward,0.17551414175157976,forward,11.791575884976588,reverse,0.4783525222793674,recovered,True,0.0,not_recovered,False,,0.0,0.0,0.0,0.0,False,0.0,0.0,0.0,0.0,0.0,0.0,0.004530338834491943,-0.005999388702286779,,yes
stop_hold_reverse,integral,29,29,0.0,5250,0.15931156203667837,12.620883356679165,100.0,7.127281669933908,0.012560195060652668,0.4815270106892097,0.0,forward,0.18752769620079132,forward,8.136406670557896,reverse,0.567950886894081,recovered,True,0.0,not_recovered,False,,0.0,0.45,0.45,5.7065869351950145,False,0.0,0.0,9.809000632903754,0.0,0.012332540522385083,0.08854472518024481,0.016862879356877025,0.08254533647795803,,yes
stop_hold_reverse,friction,29,29,0.0,5250,0.14244868267980135,12.599041467801147,100.0,1.5181520040919414,0.002900749572082035,0.3989816742112517,0.0,forward,0.16357939669838087,forward,1.895573179516409,reverse,0.4700993691282686,recovered,True,0.0,recovered,True,0.0,0.0,0.45,0.45,5.621213330064394,False,0.0,0.0,68.48729646352368,0.0,-0.004530338834491943,0.005999388702286779,0.0,0.0,,yes
stop_hold_reverse,online,29,29,0.0,5250,0.1438429004975427,12.634102377350839,100.0,1.0656308880062728,0.002639339665289733,0.4072810229932448,0.0,forward,0.16757599684996388,forward,1.3423406440601962,reverse,0.47367404837670474,recovered,True,0.0,recovered,True,0.0,80.28571428571428,0.45,0.5062906341347161,5.984360762996737,False,0.2573207218383722,0.0,20.000000000000497,0.0,-0.0031361210167505926,0.0142987374842799,0.00139421781774135,0.008299348781993121,,yes
wrench_bias_step,baseline,11,11,0.0,5250,1.0357840314914257,12.620729988248337,100.0,11.143949657866958,0.015336531676416689,0.3371219107073746,0.0,post_step,1.3635379208184168,pre_step,11.741221209877155,pre_step,0.35646595752124816,recovered,True,0.0,not_recovered,False,,0.0,0.0,0.0,0.0,False,0.0,0.0,0.0,0.0,0.0,0.0,0.0006872151342949273,-0.03142590229983505,,yes
wrench_bias_step,integral,11,11,0.0,5250,1.035506420751692,12.619214966154765,100.0,7.72075212457858,0.012487993550013472,0.43116723779421323,0.0,post_step,1.36243206966347,pre_step,8.16371348873628,pre_step,0.459443974403244,recovered,True,0.0,not_recovered,False,,0.0,0.45,0.45,5.212161677596801,False,0.0,0.0,9.692766618714668,0.0,-0.00027761073973375794,0.09404532708683866,0.00040960439456116937,0.06261942478700361,,yes
wrench_bias_step,friction,11,11,0.0,5250,1.0350968163571308,12.620729988248337,100.0,1.3749721325347664,0.002594819834699562,0.3685478130072096,0.0,post_step,1.3634012912501132,pre_step,1.8010545920724064,pre_step,0.3865349412462701,recovered,True,0.0,recovered,True,0.0,0.0,0.45,0.45,5.90444700002836,False,0.0,0.0,69.75438567289864,0.0,-0.0006872151342949273,0.03142590229983505,0.0,0.0,,yes
wrench_bias_step,online,11,11,0.0,5250,1.0351621910522348,12.65924137253659,100.0,1.1082042365727225,0.0024776148728038456,0.3741851418325028,0.0,post_step,1.3632484714902593,pre_step,1.2347098719720087,pre_step,0.3996047639040758,recovered,True,0.0,recovered,True,0.0,99.65714285714286,0.4480259220336694,0.5067686569035184,5.984360762996737,False,0.2566440827006522,0.0,20.00000000000043,0.0,-0.0006218404391908905,0.037063231125128215,6.537469510403682e-05,0.005637328825293164,,yes
wrench_bias_step,baseline,29,29,0.0,5250,1.046417865361364,12.599041467799319,100.0,11.13425303057853,0.01533566576491137,0.3373716947716074,0.0,post_step,1.378387738023775,pre_step,11.732903114888401,pre_step,0.3566484579186437,recovered,True,0.0,not_recovered,False,,0.0,0.0,0.0,0.0,False,0.0,0.0,0.0,0.0,0.0,0.0,0.0006402722778526826,-0.031440571784345506,,yes
wrench_bias_step,integral,29,29,0.0,5250,1.0461871169182688,12.620883356673472,100.0,7.708954934718079,0.01250153723403934,0.4313816081017244,0.0,post_step,1.3772591332137845,pre_step,8.152728613598036,pre_step,0.45962586060550065,recovered,True,0.0,not_recovered,False,,0.0,0.45,0.45,5.202554334223232,False,0.0,0.0,9.80900063290379,0.0,-0.00023074844309523002,0.09400991333011699,0.0004095238347574526,0.06256934154577148,,yes
wrench_bias_step,friction,29,29,0.0,5250,1.0457775930835114,12.599041467801147,100.0,1.366614854845835,0.002626219461932493,0.3688122665559529,0.0,post_step,1.3782279463034741,pre_step,1.787333485748905,pre_step,0.38668298295422854,recovered,True,0.0,recovered,True,0.0,0.0,0.45,0.45,5.922802312260434,False,0.0,0.0,68.4872964635239,0.0,-0.0006402722778526826,0.031440571784345506,0.0,0.0,,yes
wrench_bias_step,online,29,29,0.0,5250,1.0458466552728458,12.63410237735084,100.0,1.102144555094704,0.0025084405676310813,0.3744493109011139,0.0,post_step,1.378073604156706,pre_step,1.2263944932708688,pre_step,0.39983941175618676,recovered,True,0.0,recovered,True,0.0,99.65714285714286,0.4476292804796587,0.5062906341347145,5.984360762996737,False,0.2573207218383722,0.0,20.0000000000005,0.0,-0.000571210088518237,0.0370776161295065,6.906218933444563e-05,0.005637044345160991,,yes
normal_calibration_error,baseline,11,11,5.0,5250,0.33122471984697394,12.643463641117437,100.0,11.789884645224054,0.015904712860421555,0.32338353817528576,0.0,steady,0.33122471984697394,steady,11.789884645224054,steady,0.32338353817528576,not_applicable,,,not_applicable,,,0.0,0.0,0.0,0.0,False,0.0,0.0,0.0,0.0,0.0,0.0,-0.0024078364158462984,-0.028675434942541322,,yes
normal_calibration_error,integral,11,11,5.0,5250,0.32561143973911244,12.673266202218912,100.0,8.106987709273373,0.012834645238990096,0.4194900987287006,0.0,steady,0.32561143973911244,steady,8.106987709273373,steady,0.4194900987287006,not_applicable,,,not_applicable,,,0.0,0.45,0.45,6.000000000000002,True,0.0,0.0,8.999774425350187,0.0,-0.005613280107861496,0.09610656055341482,-0.008021116523707794,0.0674311256108735,,yes
normal_calibration_error,friction,11,11,5.0,5250,0.33363255626282023,12.636559637666775,100.0,2.4087990852824785,0.002618938700660389,0.3520589731178271,0.0,steady,0.33363255626282023,steady,2.4087990852824785,steady,0.3520589731178271,not_applicable,,,not_applicable,,,0.0,0.45,0.45,5.5860459380066,False,0.0,0.0,69.54335410364011,0.0,0.0024078364158462984,0.028675434942541322,0.0,0.0,,yes
normal_calibration_error,online,11,11,5.0,5250,0.33326363973166023,12.636559637662288,100.0,1.7481408600251243,0.002554365416696571,0.3596654897174181,0.0,steady,0.33326363973166023,steady,1.7481408600251243,steady,0.3596654897174181,not_applicable,,,not_applicable,,,99.67619047619047,0.41477057074088874,0.5070694403823393,5.9842415273009415,False,0.2224869321790779,0.0,20.00000000000037,0.0,0.0020389198846862966,0.03628195154213232,-0.0003689165311600018,0.007606516599590996,,yes
normal_calibration_error,baseline,29,29,5.0,5250,0.3264902532737345,12.637124015849974,100.0,11.779799584443095,0.015903960134890722,0.3236112830966077,0.0,steady,0.3264902532737345,steady,11.779799584443095,steady,0.3236112830966077,not_applicable,,,not_applicable,,,0.0,0.0,0.0,0.0,False,0.0,0.0,0.0,0.0,0.0,0.0,-0.002634663431781592,-0.02869113977463722,,yes
normal_calibration_error,integral,29,29,5.0,5250,0.32118503591449904,12.667423529147703,100.0,8.098997509777089,0.01284622505023473,0.41972491185199406,0.0,steady,0.32118503591449904,steady,8.098997509777089,steady,0.41972491185199406,not_applicable,,,not_applicable,,,0.0,0.45,0.45,6.000000000000003,True,0.0,0.0,9.116735551130564,0.0,-0.005305217359235448,0.09611362875538637,-0.00793988079101704,0.06742248898074915,,yes
normal_calibration_error,friction,29,29,5.0,5250,0.3291249167055161,12.630120838075452,100.0,2.395140979884312,0.0026250090032693407,0.3523024228712449,0.0,steady,0.3291249167055161,steady,2.395140979884312,steady,0.3523024228712449,not_applicable,,,not_applicable,,,0.0,0.45,0.45,5.576177989166934,False,0.0,0.0,68.19338956871735,0.0,0.002634663431781592,0.02869113977463722,0.0,0.0,,yes
normal_calibration_error,online,29,29,5.0,5250,0.3289993141427255,12.630120838075452,100.0,1.737524663683936,0.0025793117573094733,0.35989547230923674,0.0,steady,0.3289993141427255,steady,1.737524663683936,steady,0.35989547230923674,not_applicable,,,not_applicable,,,99.67619047619047,0.4142971694740708,0.5066732175957918,5.9842415273009415,False,0.2128573317441984,0.0,20.000000000000412,0.0,0.0025090608689909977,0.03628418921262905,-0.00012560256279059434,0.007593049437991828,,yes
modest_combined,baseline,11,11,3.0,5250,0.5672726596772694,12.630830493906048,100.0,10.753517880870529,0.014570514721901238,0.3931984949936907,0.0,combined_post,0.8140061263451771,combined_post,13.981278406896026,pre_change,0.4831520183943405,recovered,True,0.0,not_recovered,False,,0.0,0.0,0.0,0.0,False,0.0,0.0,0.0,0.0,0.0,0.0,0.0007850774844399,-0.005881179804508974,,yes
modest_combined,integral,11,11,3.0,5250,0.5763404541619456,12.641931242343277,100.0,6.985570786659265,0.011668851471574959,0.4756850509340188,0.0,combined_post,0.8126639021955148,combined_post,8.657425671791101,pre_change,0.557871028030533,recovered,True,0.0,not_recovered_with_limit_active,False,,0.0,0.45,0.45,6.000000000000003,True,0.0,0.0,9.482934132715123,0.0,0.009067794484676206,0.08248655594032811,0.009852871969116106,0.07660537613581914,,yes
modest_combined,friction,11,11,3.0,5250,0.5664875821928295,12.628817270783898,100.0,3.2626768936685133,0.004376801886562688,0.39907967479819967,0.0,combined_post,0.8030302501622534,combined_post,4.44838912227347,pre_change,0.5092039048239826,recovered,True,0.0,recovered,True,0.798,0.0,0.45,0.45,5.6003276048603565,False,0.0,0.0,69.64474945920333,0.0,-0.0007850774844399,0.005881179804508974,0.0,0.0,,yes
modest_combined,online,11,11,3.0,5250,0.564658816271803,12.628817270787037,100.0,2.397578763690601,0.003926510370174217,0.4033014159784949,0.0,combined_post,0.8020661430764406,combined_post,3.3183299809868836,pre_change,0.5104415093305257,recovered,True,0.0,recovered,True,0.11800000000000033,80.72380952380952,0.34549928419771136,0.5107687596170797,5.984317976910445,False,0.2709610696936815,0.0,20.000000000000487,0.0,-0.0026138434054663318,0.010102920984804198,-0.0018287659210264318,0.004221741180295224,,yes
modest_combined,baseline,29,29,3.0,5250,0.5751984208137281,12.618540174407524,100.0,10.742452477158624,0.014569641944779726,0.3934329449645039,0.0,combined_post,0.8278364489215244,combined_post,13.961263071992384,pre_change,0.4833152686347551,recovered,True,0.0,not_recovered,False,,0.0,0.0,0.0,0.0,False,0.0,0.0,0.0,0.0,0.0,0.0,0.0005339489280526966,-0.005847359360042215,,yes
modest_combined,integral,29,29,3.0,5250,0.5846424363213186,12.630153091755043,100.0,6.9819067655659985,0.011711842592535127,0.47611214042232003,0.0,combined_post,0.8263257710696206,combined_post,8.651699367857407,pre_change,0.5580972177814753,recovered,True,0.0,not_recovered_with_limit_active,False,,0.0,0.45,0.45,6.000000000000003,True,0.0,0.0,9.44494837861745,0.0,0.009444015507590553,0.08267919545781616,0.00997796443564325,0.07683183609777394,,yes
modest_combined,friction,29,29,3.0,5250,0.5746644718856754,12.616501840436195,100.0,3.2520198526692763,0.004372048519691399,0.3992803043245461,0.0,combined_post,0.8166386676286019,combined_post,4.424769412695631,pre_change,0.5092621326889016,recovered,True,0.0,recovered,True,0.7759999999999998,0.0,0.45,0.45,5.587200220092618,False,0.0,0.0,68.33730052993945,0.0,-0.0005339489280526966,0.005847359360042215,0.0,0.0,,yes
modest_combined,online,29,29,3.0,5250,0.5728093728847532,12.616501840436193,100.0,2.3857126599836307,0.003926142035557873,0.40353176681511554,0.0,combined_post,0.8156247894939177,combined_post,3.2947042340912454,pre_change,0.5103308466671719,recovered,True,0.0,recovered,True,0.1120000000000001,80.72380952380952,0.3449632639612524,0.5112682212969603,5.984317976910445,False,0.26507404421960423,0.0,20.000000000000423,0.0,-0.0023890479289748745,0.010098821850611672,-0.001855099000922178,0.004251462490569458,,yes
